rot_vec: [2.235803557314652, -0.011294793963117103, 2.2196066665966945]
pixels: [1028, 512, 0.075, 0.075, "eiger"]
det_name: "eiger"
trans_vec: [-1.5400214690949756, -31.02874070129578, -57.95072572716589]